709167564620
881644321245
083365818109
600845093514
050595971818
231698033686
789228566038
581232466655
068073264118
748460018249
520297481084
192943138185
089351215937
668607299769
810965515960
427725008044
254584365095
368307688219
168619150175
702315365172
890782310167
190356990043
580224972308
210319209479
542493858600
055265524680
027682181154
892296704893
557053372842
566321156390
194191713966
890207872544
746382445888
857236109669
042689758219
326726801490
593794585129
778275008622
263393299742
873683361711
158604156444
909938536739
472184508290
238224465985
554405660495
428522038242
998772382789
860472644431
297849745999
538079063599
511275366413
453503249972
818588733720
688916336490
046163317434
332629989358
137561138454
932806065664
027927025067
313749266497
817169037576
553765120280
094594218672
219219162654
423443816537
416934200666
302146556121
511448817318
068320146316
642683653520
409322901821
288996856432
350231392241
945315170213
075406940173
