477008080459
892482399300
008644608815
223366582763
560657864008
554377855842
507368811430
726473499333
836563026464
265677204124
355172511170
920327522412
301248189344
049403380600
829127353987
333417073058
165587661159
908553991609
077569465097
826289000448
592978233233
898530710653
299862991377
039368758874
681122549089
462218292656
148768497395
044533733075
625487605812
263796755704
196049819200
928835122922
362642999258
899126317879
119633188683
766242293443
258908065562
885060832890
409417269886
836975277903
292614815879
913790047983
449988464797
822858031658
174381945040
298559793500
172904493217
612695957037
630969469828
970601854114
803501026816
144594614758
571184456382
046475645332
093555686562
811033727926
522325693649
659202184548
663552859410
846831214552
364082911249
787951635319
548150507752
310698519116
908814179275
466188984135
728801927308
377247488630
295611574290
314830903097
999548633919
357047184886
520775234583
963431749356
561153495032
